6 0 0 0 0 0 0.0044354344238413737 0
5 1 0 0 0 0 0.079884118650359201 -0.00071651898168441244
5 0 0 1 0 0 0.030613473772303963 0
5 0 0 0 1 0 -0.00071651898168441244 0.079884118650359201
5 0 0 0 0 0 0.00084504396323028131 0
4 2 0 0 0 0 0.021820522283930218 0.13993417018020987
4 1 0 1 0 0 -0.38193768201812794 0.10382635044942216
4 1 0 0 1 0 0 0.0051691114885334399
4 1 0 0 0 0 -0.16503474266995499 0.022686401640092023
4 0 2 0 0 0 0.096246782579969561 0
4 0 1 0 0 1 0 0.19249356515993912
4 0 0 2 0 0 -0.21333682400279902 0
4 0 0 1 1 0 0.10382635044942216 -0.38193768201812794
4 0 0 1 0 0 -0.12245011355492537 0
4 0 0 0 2 0 -0.021820522283930218 0.13993417018020987
4 0 0 0 1 0 0.022686401640092023 -0.16503474266995499
4 0 0 0 0 2 -0.096246782579969561 0
4 0 0 0 0 0 -0.032752967943371285 0
3 3 0 0 0 0 -0.35514660028346001 0.12980782172203617
3 2 0 1 0 0 -0.72925289119766679 -0.38552458220477082
3 2 0 0 1 0 -0.096955468057881744 -0.72686438770767625
3 2 0 0 0 0 -0.17246459738816367 -0.19965354462895205
3 1 2 0 0 0 -0.23930530916725407 0.16859688609436216
3 1 1 0 0 1 -0.33719377218872432 -0.47861061833450813
3 1 0 2 0 0 0.31246225327960192 -0.34574060295954767
3 1 0 1 1 0 0 -1.062074924953107
3 1 0 1 0 0 0.45467772549884594 -0.23377015228000461
3 1 0 0 2 0 0.72686438770767625 0.096955468057881744
3 1 0 0 1 0 0 -0.22869354498291783
3 1 0 0 0 2 0.23930530916725407 -0.16859688609436216
3 1 0 0 0 0 0.2882451898169775 -0.08390626622849981
3 0 2 1 0 0 -0.55641675955862924 0
3 0 2 0 1 0 0.16859688609436216 -0.23930530916725407
3 0 2 0 0 0 -0.19883880881778948 0
3 0 1 1 0 1 0 -1.1128335191172585
3 0 1 0 1 1 0.47861061833450813 0.33719377218872432
3 0 1 0 0 1 0 -0.39767761763557896
3 0 0 3 0 0 0.35906130071086029 0
3 0 0 2 1 0 -0.34574060295954767 0.31246225327960192
3 0 0 2 0 0 0.40775752889020672 0
3 0 0 1 2 0 0.72925289119766679 -0.38552458220477082
3 0 0 1 1 0 -0.23377015228000461 0.45467772549884594
3 0 0 1 0 2 0.55641675955862924 0
3 0 0 1 0 0 0.33750025346518359 0
3 0 0 0 3 0 -0.12980782172203617 0.35514660028346001
3 0 0 0 2 0 0.17246459738816367 -0.19965354462895205
3 0 0 0 1 2 -0.16859688609436216 0.23930530916725407
3 0 0 0 1 0 -0.08390626622849981 0.2882451898169775
3 0 0 0 0 2 0.19883880881778948 0
3 0 0 0 0 0 0.13485146213050811 0
2 4 0 0 0 0 -0.27304944633150202 -0.22722810486172232
2 3 0 1 0 0 0.44167817162324474 -0.84718076606561654
2 3 0 0 1 0 0.36909013940788515 -0.64926861335564867
2 3 0 0 0 0 0.31832622067581623 -0.26118960730966079
2 2 2 0 0 0 -0.41159968770515626 -0.17769998016589389
2 2 1 0 0 1 0.35539996033178778 -0.82319937541031252
2 2 0 2 0 0 1.4942917628739145 0
2 2 0 1 1 0 0.6874705537507253 0.91077080868762395
2 2 0 1 0 0 1.0933221415550105 0.24428595267053407
2 2 0 0 2 0 0.79869165690775268 0
2 2 0 0 1 0 0.20663963409074804 0.65294305280211706
2 2 0 0 0 2 0.41159968770515626 0.17769998016589389
2 2 0 0 0 0 0.41646408925131484 0.21802846444434579
2 1 2 1 0 0 0.27431741935778109 -0.63308846802069452
2 1 2 0 1 0 0 -0.41527356079005379
2 1 2 0 0 0 0.20957476262850569 -0.24054857994150999
2 1 1 1 0 1 1.266176936041389 0.54863483871556218
2 1 1 0 1 1 0.83054712158010757 0
2 1 1 0 0 1 0.48109715988301999 0.41914952525701138
2 1 0 3 0 0 0.31246225327960192 0.34574060295954767
2 1 0 2 1 0 0 2.2455555053785106
2 1 0 2 0 0 0 0.43815401906588364
2 1 0 1 2 0 -0.91077080868762395 -0.6874705537507253
2 1 0 1 1 0 0 1.621569996596413
2 1 0 1 0 2 -0.27431741935778109 0.63308846802069452
2 1 0 1 0 0 -0.35268219719314914 0.40790646937802627
2 1 0 0 3 0 0.36909013940788515 0.64926861335564867
2 1 0 0 2 0 -0.65294305280211706 -0.20663963409074804
2 1 0 0 1 2 0 0.41527356079005379
2 1 0 0 1 0 0 0.59666238997052234
2 1 0 0 0 2 -0.20957476262850569 0.24054857994150999
2 1 0 0 0 0 -0.35040836087642474 0.18985940184852484
2 0 4 0 0 0 -0.14416110768188048 0
2 0 3 0 0 1 0 -0.57664443072752192
2 0 2 2 0 0 0.93288065581160506 0
2 0 2 1 1 0 -0.63308846802069452 0.27431741935778109
2 0 2 1 0 0 0.74664817229814551 0
2 0 2 0 2 0 0.41159968770515626 -0.17769998016589389
2 0 2 0 1 0 -0.24054857994150999 0.20957476262850569
2 0 2 0 0 2 0.86496664609128293 0
2 0 2 0 0 0 0.34728645170965966 0
2 0 1 2 0 1 0 1.8657613116232101
2 0 1 1 1 1 -0.54863483871556218 -1.266176936041389
2 0 1 1 0 1 0 1.493296344596291
2 0 1 0 2 1 0.35539996033178778 0.82319937541031252
2 0 1 0 1 1 -0.41914952525701138 -0.48109715988301999
2 0 1 0 0 3 0 0.57664443072752192
2 0 1 0 0 1 0 0.69457290341931932
2 0 0 4 0 0 -0.21333682400279902 0
2 0 0 3 1 0 0.34574060295954767 0.31246225327960192
2 0 0 3 0 0 -0.40775752889020672 0
2 0 0 2 2 0 -1.4942917628739145 0
2 0 0 2 1 0 0.43815401906588364 0
2 0 0 2 0 2 -0.93288065581160506 0
2 0 0 2 0 0 -0.63257473654891905 0
2 0 0 1 3 0 0.84718076606561654 -0.44167817162324474
2 0 0 1 2 0 -1.0933221415550105 0.24428595267053407
2 0 0 1 1 2 0.63308846802069452 -0.27431741935778109
2 0 0 1 1 0 0.40790646937802627 -0.35268219719314914
2 0 0 1 0 2 -0.74664817229814551 0
2 0 0 1 0 0 -0.65557420536770883 0
2 0 0 0 4 0 -0.27304944633150202 0.22722810486172232
2 0 0 0 3 0 0.26118960730966079 -0.31832622067581623
2 0 0 0 2 2 -0.41159968770515626 0.17769998016589389
2 0 0 0 2 0 -0.41646408925131484 0.21802846444434579
2 0 0 0 1 2 0.24054857994150999 -0.20957476262850569
2 0 0 0 1 0 0.18985940184852484 -0.35040836087642474
2 0 0 0 0 4 -0.14416110768188048 0
2 0 0 0 0 2 -0.34728645170965966 0
2 0 0 0 0 0 -2.381535172915047e-16 0
1 5 0 0 0 0 0.07830754218763486 -0.17395723043636144
1 4 0 1 0 0 0.76827817584265834 0
1 4 0 0 1 0 0.39900016269011457 0.22875975208460023
1 4 0 0 0 0 0.27761641251855496 0.095988058231753298
1 3 2 0 0 0 0.10005065237171792 -0.27377123731446934
1 3 1 0 0 1 0.54754247462893868 0.20010130474343585
1 3 0 2 0 0 0.44167817162324474 0.84718076606561654
1 3 0 1 1 0 0 1.8593336599368329
1 3 0 1 0 0 0 0.71574981233429624
1 3 0 0 2 0 -0.32531812097684037 0.23245433188998893
1 3 0 0 1 0 -0.15591489360794331 0.66699032397510616
1 3 0 0 0 2 -0.10005065237171792 0.27377123731446934
1 3 0 0 0 0 -0.16461181863698326 0.3201286252847429
1 2 2 1 0 0 0.99262156960027981 0
1 2 2 0 1 0 0.17091963491613577 0.17285414737754556
1 2 2 0 0 0 0.38352898008409003 0.07506587292238856
1 2 1 1 0 1 0 1.9852431392005596
1 2 1 0 1 1 -0.34570829475509113 0.34183926983227153
1 2 1 0 0 1 -0.15013174584477712 0.76705796016818006
1 2 0 3 0 0 -0.72925289119766679 0.38552458220477082
1 2 0 2 1 0 -0.6874705537507253 0.91077080868762395
1 2 0 2 0 0 -1.0933221415550105 0.24428595267053407
1 2 0 1 2 0 -2.296521561827324 0
1 2 0 1 1 0 -0.58081691599018803 0
1 2 0 1 0 2 -0.99262156960027981 0
1 2 0 1 0 0 -1.1307503710838638 0
1 2 0 0 3 0 0.23245433188998893 -0.32531812097684037
1 2 0 0 2 0 -0.82245188855393891 0
1 2 0 0 1 2 -0.17091963491613577 -0.17285414737754556
1 2 0 0 1 0 -0.25703189078985345 -0.33764778521842287
1 2 0 0 0 2 -0.38352898008409003 -0.07506587292238856
1 2 0 0 0 0 -0.56520399217236394 -0.12550990948809226
1 1 4 0 0 0 0.029442895080388432 -0.10704913344759541
1 1 3 0 0 1 0.42819653379038164 0.11777158032155373
1 1 2 2 0 0 0.27431741935778109 0.63308846802069452
1 1 2 1 1 0 0 1.0781999839460035
1 1 2 1 0 0 0 0.53487162401149557
1 1 2 0 2 0 -0.17285414737754556 -0.17091963491613577
1 1 2 0 1 0 0 0.40315639745890142
1 1 2 0 0 2 -0.17665737048233057 0.64229480068557243
1 1 2 0 0 0 -0.10837461879028085 0.26268723456117415
1 1 1 2 0 1 -1.266176936041389 0.54863483871556218
1 1 1 1 1 1 -2.1563999678920069 0
1 1 1 1 0 1 -1.0697432480229911 0
1 1 1 0 2 1 0.34183926983227153 -0.34570829475509113
1 1 1 0 1 1 -0.80631279491780283 0
1 1 1 0 0 3 -0.42819653379038164 -0.11777158032155373
1 1 1 0 0 1 -0.52537446912234831 -0.21674923758056169
1 1 0 4 0 0 -0.38193768201812794 -0.10382635044942216
1 1 0 3 1 0 0 -1.062074924953107
1 1 0 3 0 0 -0.45467772549884594 -0.23377015228000461
1 1 0 2 2 0 -0.91077080868762395 0.6874705537507253
1 1 0 2 1 0 0 -1.621569996596413
1 1 0 2 0 2 -0.27431741935778109 -0.63308846802069452
1 1 0 2 0 0 -0.35268219719314914 -0.40790646937802627
1 1 0 1 3 0 0 -1.8593336599368329
1 1 0 1 2 0 0 0.58081691599018803
1 1 0 1 1 2 0 -1.0781999839460035
1 1 0 1 1 0 0 -1.6770819923046409
1 1 0 1 0 2 0 -0.53487162401149557
1 1 0 1 0 0 0 -0.46962954292889397
1 1 0 0 4 0 0.22875975208460023 0.39900016269011457
1 1 0 0 3 0 -0.15591489360794331 -0.66699032397510616
1 1 0 0 2 2 0.17285414737754556 0.17091963491613577
1 1 0 0 2 0 0.33764778521842287 0.25703189078985345
1 1 0 0 1 2 0 -0.40315639745890142
1 1 0 0 1 0 0 -0.8261868355049683
1 1 0 0 0 4 0.029442895080388432 -0.10704913344759541
1 1 0 0 0 2 0.10837461879028085 -0.26268723456117415
1 1 0 0 0 0 1.0084062643932965e-17 -1.2642390677510494e-16
1 0 4 1 0 0 0.30941403570368808 0
1 0 4 0 1 0 -0.10704913344759541 0.029442895080388432
1 0 4 0 0 0 0.12625098050614733 0
1 0 3 1 0 1 0 1.2376561428147523
1 0 3 0 1 1 -0.11777158032155373 -0.42819653379038164
1 0 3 0 0 1 0 0.50500392202458932
1 0 2 3 0 0 -0.55641675955862924 0
1 0 2 2 1 0 0.63308846802069452 0.27431741935778109
1 0 2 2 0 0 -0.74664817229814551 0
1 0 2 1 2 0 -0.99262156960027981 0
1 0 2 1 1 0 0.53487162401149557 0
1 0 2 1 0 2 -1.8564842142221285 0
1 0 2 1 0 0 -0.7722085429408978 0
1 0 2 0 3 0 0.27377123731446934 -0.10005065237171792
1 0 2 0 2 0 -0.38352898008409003 0.07506587292238856
1 0 2 0 1 2 0.64229480068557243 -0.17665737048233057
1 0 2 0 1 0 0.26268723456117415 -0.10837461879028085
1 0 2 0 0 2 -0.75750588303688393 0
1 0 2 0 0 0 -0.42218250502442167 0
1 0 1 3 0 1 0 -1.1128335191172585
1 0 1 2 1 1 -0.54863483871556218 1.266176936041389
1 0 1 2 0 1 0 -1.493296344596291
1 0 1 1 2 1 0 -1.9852431392005596
1 0 1 1 1 1 0 1.0697432480229911
1 0 1 1 0 3 0 -1.2376561428147523
1 0 1 1 0 1 0 -1.5444170858817956
1 0 1 0 3 1 0.20010130474343585 0.54754247462893868
1 0 1 0 2 1 -0.15013174584477712 -0.76705796016818006
1 0 1 0 1 3 0.11777158032155373 0.42819653379038164
1 0 1 0 1 1 0.21674923758056169 0.52537446912234831
1 0 1 0 0 3 0 -0.50500392202458932
1 0 1 0 0 1 0 -0.84436501004884335
1 0 0 5 0 0 0.030613473772303963 0
1 0 0 4 1 0 -0.10382635044942216 -0.38193768201812794
1 0 0 4 0 0 0.12245011355492537 0
1 0 0 3 2 0 0.72925289119766679 0.38552458220477082
1 0 0 3 1 0 -0.23377015228000461 -0.45467772549884594
1 0 0 3 0 2 0.55641675955862924 0
1 0 0 3 0 0 0.33750025346518359 0
1 0 0 2 3 0 -0.84718076606561654 -0.44167817162324474
1 0 0 2 2 0 1.0933221415550105 0.24428595267053407
1 0 0 2 1 2 -0.63308846802069452 -0.27431741935778109
1 0 0 2 1 0 -0.40790646937802627 -0.35268219719314914
1 0 0 2 0 2 0.74664817229814551 0
1 0 0 2 0 0 0.65557420536770883 0
1 0 0 1 4 0 0.76827817584265834 0
1 0 0 1 3 0 -0.71574981233429624 0
1 0 0 1 2 2 0.99262156960027981 0
1 0 0 1 2 0 1.1307503710838638 0
1 0 0 1 1 2 -0.53487162401149557 0
1 0 0 1 1 0 -0.46962954292889397 0
1 0 0 1 0 4 0.30941403570368808 0
1 0 0 1 0 2 0.7722085429408978 0
1 0 0 1 0 0 2.9320559335229728 0
1 0 0 0 5 0 -0.17395723043636144 0.07830754218763486
1 0 0 0 4 0 0.27761641251855496 -0.095988058231753298
1 0 0 0 3 2 -0.27377123731446934 0.10005065237171792
1 0 0 0 3 0 -0.3201286252847429 0.16461181863698326
1 0 0 0 2 2 0.38352898008409003 -0.07506587292238856
1 0 0 0 2 0 0.56520399217236394 -0.12550990948809226
1 0 0 0 1 4 -0.10704913344759541 0.029442895080388432
1 0 0 0 1 2 -0.26268723456117415 0.10837461879028085
1 0 0 0 1 0 -1.2642390677510494e-16 1.0084062643932965e-17
1 0 0 0 0 4 0.12625098050614733 0
1 0 0 0 0 2 0.42218250502442167 0
0 6 0 0 0 0 0.046822237964677313 0
0 5 0 1 0 0 0.07830754218763486 0.17395723043636144
0 5 0 0 1 0 0 0.15631678797810966
0 5 0 0 0 0 0 0.073484821673451439
0 4 2 0 0 0 0.094347275962231553 0
0 4 1 0 0 1 0 0.18869455192446311
0 4 0 2 0 0 -0.27304944633150202 0.22722810486172232
0 4 0 1 1 0 -0.39900016269011457 0.22875975208460023
0 4 0 1 0 0 -0.27761641251855496 0.095988058231753298
0 4 0 0 2 0 -0.24787735974671482 0
0 4 0 0 1 0 -0.16854979657593161 0
0 4 0 0 0 2 -0.094347275962231553 0
0 4 0 0 0 0 -0.14356009521029733 0
0 3 2 1 0 0 0.10005065237171792 0.27377123731446934
0 3 2 0 1 0 0 0.18126933587398425
0 3 2 0 0 0 0 0.11564929208696323
0 3 1 1 0 1 -0.54754247462893868 0.20010130474343585
0 3 1 0 1 1 -0.3625386717479685 0
0 3 1 0 0 1 -0.23129858417392646 0
0 3 0 3 0 0 -0.35514660028346001 -0.12980782172203617
0 3 0 2 1 0 -0.36909013940788515 -0.64926861335564867
0 3 0 2 0 0 -0.31832622067581623 -0.26118960730966079
0 3 0 1 2 0 -0.32531812097684037 -0.23245433188998893
0 3 0 1 1 0 -0.15591489360794331 -0.66699032397510616
0 3 0 1 0 2 -0.10005065237171792 -0.27377123731446934
0 3 0 1 0 0 -0.16461181863698326 -0.3201286252847429
0 3 0 0 3 0 0 -0.27499586698844203
0 3 0 0 2 0 0 -0.098195775382881656
0 3 0 0 1 2 0 -0.18126933587398425
0 3 0 0 1 0 0 -0.34491186434380383
0 3 0 0 0 2 0 -0.11564929208696323
0 3 0 0 0 0 0 -0.18428472120112424
0 2 4 0 0 0 0.060272013689929793 0
0 2 3 0 0 1 0 0.24108805475971917
0 2 2 2 0 0 -0.41159968770515626 0.17769998016589389
0 2 2 1 1 0 -0.17091963491613577 0.17285414737754556
0 2 2 1 0 0 -0.38352898008409003 0.07506587292238856
0 2 2 0 2 0 -0.21068369544160134 0
0 2 2 0 1 0 -0.0722016489961219 0
0 2 2 0 0 2 -0.36163208213957876 0
0 2 2 0 0 0 -0.19832925725563941 0
0 2 1 2 0 1 -0.35539996033178778 -0.82319937541031252
0 2 1 1 1 1 -0.34570829475509113 -0.34183926983227153
0 2 1 1 0 1 -0.15013174584477712 -0.76705796016818006
0 2 1 0 2 1 0 -0.42136739088320269
0 2 1 0 1 1 0 -0.1444032979922438
0 2 1 0 0 3 0 -0.24108805475971917
0 2 1 0 0 1 0 -0.39665851451127881
0 2 0 4 0 0 0.021820522283930218 -0.13993417018020987
0 2 0 3 1 0 0.096955468057881744 -0.72686438770767625
0 2 0 3 0 0 0.17246459738816367 -0.19965354462895205
0 2 0 2 2 0 0.79869165690775268 0
0 2 0 2 1 0 0.20663963409074804 -0.65294305280211706
0 2 0 2 0 2 0.41159968770515626 -0.17769998016589389
0 2 0 2 0 0 0.41646408925131484 -0.21802846444434579
0 2 0 1 3 0 -0.23245433188998893 -0.32531812097684037
0 2 0 1 2 0 0.82245188855393891 0
0 2 0 1 1 2 0.17091963491613577 -0.17285414737754556
0 2 0 1 1 0 0.25703189078985345 -0.33764778521842287
0 2 0 1 0 2 0.38352898008409003 -0.07506587292238856
0 2 0 1 0 0 0.56520399217236394 -0.12550990948809226
0 2 0 0 4 0 0.24787735974671482 0
0 2 0 0 3 0 -0.098195775382881656 0
0 2 0 0 2 2 0.21068369544160134 0
0 2 0 0 2 0 0.42530364237309221 0
0 2 0 0 1 2 0.0722016489961219 0
0 2 0 0 1 0 0.14796255814947715 0
0 2 0 0 0 4 0.060272013689929793 0
0 2 0 0 0 2 0.19832925725563941 0
0 2 0 0 0 0 -4.2234961037580803e-16 0
0 1 4 1 0 0 0.029442895080388432 0.10704913344759541
0 1 4 0 1 0 0 0.043857917401309947
0 1 4 0 0 0 0 0.045220807792590384
0 1 3 1 0 1 -0.42819653379038164 0.11777158032155373
0 1 3 0 1 1 -0.17543166960523979 0
0 1 3 0 0 1 -0.18088323117036154 0
0 1 2 3 0 0 -0.23930530916725407 -0.16859688609436216
0 1 2 2 1 0 0 -0.41527356079005379
0 1 2 2 0 0 -0.20957476262850569 -0.24054857994150999
0 1 2 1 2 0 -0.17285414737754556 0.17091963491613577
0 1 2 1 1 0 0 -0.40315639745890142
0 1 2 1 0 2 -0.17665737048233057 -0.64229480068557243
0 1 2 1 0 0 -0.10837461879028085 -0.26268723456117415
0 1 2 0 3 0 0 -0.18126933587398425
0 1 2 0 2 0 0 0.0722016489961219
0 1 2 0 1 2 0 -0.26314750440785967
0 1 2 0 1 0 0 -0.20847892341369423
0 1 2 0 0 2 0 -0.2713248467555423
0 1 2 0 0 0 0 -0.15121810410156861
0 1 1 3 0 1 0.33719377218872432 -0.47861061833450813
0 1 1 2 1 1 0.83054712158010757 0
0 1 1 2 0 1 0.48109715988301999 -0.41914952525701138
0 1 1 1 2 1 -0.34183926983227153 -0.34570829475509113
0 1 1 1 1 1 0.80631279491780283 0
0 1 1 1 0 3 0.42819653379038164 -0.11777158032155373
0 1 1 1 0 1 0.52537446912234831 -0.21674923758056169
0 1 1 0 3 1 0.3625386717479685 0
0 1 1 0 2 1 -0.1444032979922438 0
0 1 1 0 1 3 0.17543166960523979 0
0 1 1 0 1 1 0.41695784682738846 0
0 1 1 0 0 3 0.18088323117036154 0
0 1 1 0 0 1 0.30243620820313721 0
0 1 0 5 0 0 0.079884118650359201 0.00071651898168441244
0 1 0 4 1 0 0 0.0051691114885334399
0 1 0 4 0 0 0.16503474266995499 0.022686401640092023
0 1 0 3 2 0 0.72686438770767625 -0.096955468057881744
0 1 0 3 1 0 0 0.22869354498291783
0 1 0 3 0 2 0.23930530916725407 0.16859688609436216
0 1 0 3 0 0 0.2882451898169775 0.08390626622849981
0 1 0 2 3 0 -0.36909013940788515 0.64926861335564867
0 1 0 2 2 0 0.65294305280211706 -0.20663963409074804
0 1 0 2 1 2 0 0.41527356079005379
0 1 0 2 1 0 0 0.59666238997052234
0 1 0 2 0 2 0.20957476262850569 0.24054857994150999
0 1 0 2 0 0 0.35040836087642474 0.18985940184852484
0 1 0 1 4 0 0.22875975208460023 -0.39900016269011457
0 1 0 1 3 0 -0.15591489360794331 0.66699032397510616
0 1 0 1 2 2 0.17285414737754556 -0.17091963491613577
0 1 0 1 2 0 0.33764778521842287 -0.25703189078985345
0 1 0 1 1 2 0 0.40315639745890142
0 1 0 1 1 0 0 0.8261868355049683
0 1 0 1 0 4 0.029442895080388432 0.10704913344759541
0 1 0 1 0 2 0.10837461879028085 0.26268723456117415
0 1 0 1 0 0 1.0084062643932965e-17 1.2642390677510494e-16
0 1 0 0 5 0 0 0.15631678797810966
0 1 0 0 4 0 0 -0.16854979657593161
0 1 0 0 3 2 0 0.18126933587398425
0 1 0 0 3 0 0 0.34491186434380383
0 1 0 0 2 2 0 -0.0722016489961219
0 1 0 0 2 0 0 -0.14796255814947715
0 1 0 0 1 4 0 0.043857917401309947
0 1 0 0 1 2 0 0.20847892341369423
0 1 0 0 1 0 0 2.3343858850112236
0 1 0 0 0 4 0 0.045220807792590384
0 1 0 0 0 2 0 0.15121810410156861
0 0 6 0 0 0 0.01182456108174245 0
0 0 5 0 0 1 0 0.070947366490454702
0 0 4 2 0 0 -0.14416110768188048 0
0 0 4 1 1 0 0.10704913344759541 0.029442895080388432
0 0 4 1 0 0 -0.12625098050614733 0
0 0 4 0 2 0 -0.060272013689929793 0
0 0 4 0 1 0 0.045220807792590384 0
0 0 4 0 0 2 -0.17736841622613675 0
0 0 4 0 0 0 -0.065286495915094778 0
0 0 3 2 0 1 0 -0.57664443072752192
0 0 3 1 1 1 -0.11777158032155373 0.42819653379038164
0 0 3 1 0 1 0 -0.50500392202458932
0 0 3 0 2 1 0 -0.24108805475971917
0 0 3 0 1 1 0 0.18088323117036154
0 0 3 0 0 3 0 -0.23649122163484901
0 0 3 0 0 1 0 -0.26114598366037911
0 0 2 4 0 0 0.096246782579969561 0
0 0 2 3 1 0 -0.16859688609436216 -0.23930530916725407
0 0 2 3 0 0 0.19883880881778948 0
0 0 2 2 2 0 0.41159968770515626 0.17769998016589389
0 0 2 2 1 0 -0.24054857994150999 -0.20957476262850569
0 0 2 2 0 2 0.86496664609128293 0
0 0 2 2 0 0 0.34728645170965966 0
0 0 2 1 3 0 -0.27377123731446934 -0.10005065237171792
0 0 2 1 2 0 0.38352898008409003 0.07506587292238856
0 0 2 1 1 2 -0.64229480068557243 -0.17665737048233057
0 0 2 1 1 0 -0.26268723456117415 -0.10837461879028085
0 0 2 1 0 2 0.75750588303688393 0
0 0 2 1 0 0 0.42218250502442167 0
0 0 2 0 4 0 0.094347275962231553 0
0 0 2 0 3 0 -0.11564929208696323 0
0 0 2 0 2 2 0.36163208213957876 0
0 0 2 0 2 0 0.19832925725563941 0
0 0 2 0 1 2 -0.2713248467555423 0
0 0 2 0 1 0 -0.15121810410156861 0
0 0 2 0 0 4 0.17736841622613675 0
0 0 2 0 0 2 0.39171897549056867 0
0 0 2 0 0 0 -9.3003640965280753e-17 0
0 0 1 4 0 1 0 0.19249356515993912
0 0 1 3 1 1 0.47861061833450813 -0.33719377218872432
0 0 1 3 0 1 0 0.39767761763557896
0 0 1 2 2 1 -0.35539996033178778 0.82319937541031252
0 0 1 2 1 1 0.41914952525701138 -0.48109715988301999
0 0 1 2 0 3 0 0.57664443072752192
0 0 1 2 0 1 0 0.69457290341931932
0 0 1 1 3 1 0.20010130474343585 -0.54754247462893868
0 0 1 1 2 1 -0.15013174584477712 0.76705796016818006
0 0 1 1 1 3 0.11777158032155373 -0.42819653379038164
0 0 1 1 1 1 0.21674923758056169 -0.52537446912234831
0 0 1 1 0 3 0 0.50500392202458932
0 0 1 1 0 1 0 0.84436501004884335
0 0 1 0 4 1 0 0.18869455192446311
0 0 1 0 3 1 0 -0.23129858417392646
0 0 1 0 2 3 0 0.24108805475971917
0 0 1 0 2 1 0 0.39665851451127881
0 0 1 0 1 3 0 -0.18088323117036154
0 0 1 0 1 1 0 -0.30243620820313721
0 0 1 0 0 5 0 0.070947366490454702
0 0 1 0 0 3 0 0.26114598366037911
0 0 1 0 0 1 0 2.268831094896147
0 0 0 6 0 0 0.0044354344238413737 0
0 0 0 5 1 0 0.00071651898168441244 0.079884118650359201
0 0 0 5 0 0 -0.00084504396323028131 0
0 0 0 4 2 0 -0.021820522283930218 -0.13993417018020987
0 0 0 4 1 0 0.022686401640092023 0.16503474266995499
0 0 0 4 0 2 -0.096246782579969561 0
0 0 0 4 0 0 -0.032752967943371285 0
0 0 0 3 3 0 0.12980782172203617 0.35514660028346001
0 0 0 3 2 0 -0.17246459738816367 -0.19965354462895205
0 0 0 3 1 2 0.16859688609436216 0.23930530916725407
0 0 0 3 1 0 0.08390626622849981 0.2882451898169775
0 0 0 3 0 2 -0.19883880881778948 0
0 0 0 3 0 0 -0.13485146213050811 0
0 0 0 2 4 0 -0.27304944633150202 -0.22722810486172232
0 0 0 2 3 0 0.26118960730966079 0.31832622067581623
0 0 0 2 2 2 -0.41159968770515626 -0.17769998016589389
0 0 0 2 2 0 -0.41646408925131484 -0.21802846444434579
0 0 0 2 1 2 0.24054857994150999 0.20957476262850569
0 0 0 2 1 0 0.18985940184852484 0.35040836087642474
0 0 0 2 0 4 -0.14416110768188048 0
0 0 0 2 0 2 -0.34728645170965966 0
0 0 0 2 0 0 -2.381535172915047e-16 0
0 0 0 1 5 0 0.17395723043636144 0.07830754218763486
0 0 0 1 4 0 -0.27761641251855496 -0.095988058231753298
0 0 0 1 3 2 0.27377123731446934 0.10005065237171792
0 0 0 1 3 0 0.3201286252847429 0.16461181863698326
0 0 0 1 2 2 -0.38352898008409003 -0.07506587292238856
0 0 0 1 2 0 -0.56520399217236394 -0.12550990948809226
0 0 0 1 1 4 0.10704913344759541 0.029442895080388432
0 0 0 1 1 2 0.26268723456117415 0.10837461879028085
0 0 0 1 1 0 1.2642390677510494e-16 1.0084062643932965e-17
0 0 0 1 0 4 -0.12625098050614733 0
0 0 0 1 0 2 -0.42218250502442167 0
0 0 0 0 6 0 -0.046822237964677313 0
0 0 0 0 5 0 0.073484821673451439 0
0 0 0 0 4 2 -0.094347275962231553 0
0 0 0 0 4 0 -0.14356009521029733 0
0 0 0 0 3 2 0.11564929208696323 0
0 0 0 0 3 0 0.18428472120112424 0
0 0 0 0 2 4 -0.060272013689929793 0
0 0 0 0 2 2 -0.19832925725563941 0
0 0 0 0 2 0 4.2234961037580803e-16 0
0 0 0 0 1 4 0.045220807792590384 0
0 0 0 0 1 2 0.15121810410156861 0
0 0 0 0 0 6 -0.01182456108174245 0
0 0 0 0 0 4 -0.065286495915094778 0
0 0 0 0 0 2 9.3003640965280753e-17 0
